,0
0,20.524424239189084
1,14.5095498724943
2,31.489818886432307
3,18.384223836130634
4,13.115951678159956
5,20.74166358360969
6,17.311063564809004
7,25.107824511360207
8,29.634721115509972
9,10.807176307694334
10,17.723881470117846
11,15.665509209160835
12,8.98488732798069
13,24.279674399713542
14,28.047613200800516
15,10.660477429564597
16,25.72749894275496
17,27.39232048630582
18,24.828863266173595
19,14.001503421101669
20,21.74381609117744
21,19.10692103698245
22,23.564315887928142
23,12.026121488265499
24,21.955994914435475
25,21.659513820837976
26,31.754478524603012
27,27.597470805810072
28,22.124178447072282
29,25.117167521052284
30,32.4483162832998
31,14.71524840556263
32,13.549904075425347
33,26.209053435792416
34,15.603215605449336
35,15.054903475432598
36,26.863593609377514
37,22.358456033304012
38,13.861447632097255
39,18.99549243177561
40,17.094568199960356
41,18.051304571950695
42,20.53768754802444
43,26.715616097715248
44,17.094519632673098
45,26.132366140756048
46,19.944419740040303
47,19.53061131886468
48,17.736056271671742
49,24.459289441063298
50,20.775615757452456
51,19.089736389844226
52,39.75458281373225
53,13.439110289437442
54,19.025616684903564
55,22.10396187626771
56,18.67498499092109
57,41.20330794993259
58,20.140213973502785
59,18.151932959492004
60,26.504892322671477
61,16.78844208223832
62,24.554860218899965
63,27.978327500462555
64,14.515007770918508
65,5.349384292873267
66,34.18098705472892
67,19.633533833572443
68,19.108703294611676
69,22.45899666818793
70,35.32998137980687
71,19.936817870555448
72,24.22017841170621
73,24.67056111036135
74,15.353829451698724
75,22.52605265419058
76,16.424992196083064
77,17.92331050166788
78,22.495425463618908
79,16.404956671322125
80,17.592627895757754
81,21.533028800649948
82,25.379766322259872
83,28.110946743911914
84,17.815819694900554
85,26.75853426722992
86,21.31502367257657
87,23.77363200529246
88,21.521620991317157
89,21.750675222626057
90,8.137502115663882
91,19.659034278379522
92,11.580298424738958
93,20.218838009965168
94,19.758937820030614
95,29.407359399749218
96,16.17340951473421
97,39.060223209704226
98,24.463940055208543
99,24.77107743040527
100,11.121402449566757
101,20.575734244102943
102,28.60941542477732
103,6.6638340624661865
104,41.75777272521383
105,34.15902838653108
106,13.01456640399329
107,23.81835524934257
108,26.821963250926988
109,20.719291339805544
110,12.577618501662347
111,28.75662191683023
112,18.989934878404657
113,16.9732414704513
114,27.81159112080625
115,23.291839919981395
116,18.69990048586927
117,18.063922135797156
118,24.84602411132302
119,19.354796532907383
120,31.055989703458277
121,21.758354113581824
122,14.636655675243826
123,18.766450111063637
124,20.868908190677555
125,19.934679942119082
126,28.048678038736014
127,20.566277365170595
128,11.240025453977424
129,30.060898646693076
130,16.87995856397131
131,24.330883405891626
132,23.52430935135816
133,9.278235903377567
134,24.72267112354857
135,20.349624608542932
136,19.340950766266378
